570.1487313
549.495913
516.7617913
592.7552298
571.9290549
545.2991643
497.0510277
419.1366437
390.17601699999994
549.952741
525.2483875
498.64473369999996
461.3822378
437.24415650000003
402.6515137
567.6340513
539.1165486000001
1315.0516400000001
505.02134850000004
1284.9321523000003
581.0217745
1418.8905525
429.2585397
1386.9586551
382.51056359999995
1356.8153759000002
568.8690197999999
1326.6886878999999
536.5082299
1295.8338116999998
623.2569373
1265.2477966000001
479.7877493
1235.1228010999998
672.2746283
1128.8731880999999
588.058074
